grays = [[99 94 62],
[66 61 39],
[130 125 87],
[156 152 105],
[79 76 43]];